-2000 -2000 50 100 100 100
-2000 -1500 50 100 100 100
-2000 -1000 50 100 100 100
-2000 -500 50 100 100 100
-2000 0 50 100 100 100
-2000 500 50 100 100 100
-2000 1000 50 100 100 100
-2000 1500 50 100 100 100
-2000 2000 50 100 100 100
-1500 -2000 50 100 100 100
-1500 -1500 50 100 100 100
-1500 -1000 50 100 100 100
-1500 -500 50 100 100 100
-1500 0 50 100 100 100
-1500 500 50 100 100 100
-1500 1000 50 100 100 100
-1500 1500 50 100 100 100
-1500 2000 50 100 100 100
-1000 -2000 50 100 100 100
-1000 -1500 50 100 100 100
-1000 -1000 50 100 100 100
-1000 -500 50 100 100 100
-1000 0 50 100 100 100
-1000 500 50 100 100 100
-1000 1000 50 100 100 100
-1000 1500 50 100 100 100
-1000 2000 50 100 100 100
-500 -2000 50 100 100 100
-500 -1500 50 100 100 100
-500 -1000 50 100 100 100
-500 -500 50 100 100 100
-500 0 50 100 100 100
-500 500 50 100 100 100
-500 1000 50 100 100 100
-500 1500 50 100 100 100
-500 2000 50 100 100 100
0 -2000 50 100 100 100
0 -1500 50 100 100 100
0 -1000 50 100 100 100
0 -500 50 100 100 100
0 0 50 100 100 100
0 500 50 100 100 100
0 1000 50 100 100 100
0 1500 50 100 100 100
0 2000 50 100 100 100
500 -2000 50 100 100 100
500 -1500 50 100 100 100
500 -1000 50 100 100 100
500 -500 50 100 100 100
500 0 50 100 100 100
500 500 50 100 100 100
500 1000 50 100 100 100
500 1500 50 100 100 100
500 2000 50 100 100 100
1000 -2000 50 100 100 100
1000 -1500 50 100 100 100
1000 -1000 50 100 100 100
1000 -500 50 100 100 100
1000 0 50 100 100 100
1000 500 50 100 100 100
1000 1000 50 100 100 100
1000 1500 50 100 100 100
1000 2000 50 100 100 100
1500 -2000 50 100 100 100
1500 -1500 50 100 100 100
1500 -1000 50 100 100 100
1500 -500 50 100 100 100
1500 0 50 100 100 100
1500 500 50 100 100 100
1500 1000 50 100 100 100
1500 1500 50 100 100 100
1500 2000 50 100 100 100
2000 -2000 50 100 100 100
2000 -1500 50 100 100 100
2000 -1000 50 100 100 100
2000 -500 50 100 100 100
2000 0 50 100 100 100
2000 500 50 100 100 100
2000 1000 50 100 100 100
2000 1500 50 100 100 100
2000 2000 50 100 100 100
244.34 -519.13 150 461.54 218.58 300
257.92 -1021.9 150 470.59 174.86 300
-502.26 -781.42 125 108.6 480.87 250
-171.95 -508.2 100 316.74 131.15 200
-162.9 -1021.9 100 298.64 131.15 200
746.61 497.27 100 199.1 153.01 200
-1004.5 1235 75 171.95 185.79 150
-1475.1 267.76 75 153.85 196.72 150
1511.3 -1267.8 75 135.75 163.93 150
-1253.4 -1513.7 75 144.8 174.86 150
9.0498 1267.8 75 99.548 185.79 150
1244.3 1497.3 62.5 199.1 142.08 125
1009 -748.63 62.5 162.9 218.58 125
-1248.9 -1005.5 75 135.75 142.08 150
-746.61 475.41 75 162.9 131.15 150
1.1369e-13 245.9 75 135.75 174.86 150
27.149 -1786.9 100 117.65 153.01 200
506.79 1759.6 100 117.65 185.79 200
1497.7 267.76 75 108.6 153.01 150
1746.6 989.07 75 190.05 153.01 150
-1751.1 1491.8 62.5 199.1 174.86 125
-1755.7 -513.66 75 226.24 120.22 150
-1755.7 491.8 75 117.65 163.93 150
1497.7 -240.44 75 126.7 251.37 150
-506.79 759.56 72.5 135.75 174.86 145
981.9 830.6 87.5 217.19 54.645 175
262.44 464.48 62.5 171.95 174.86 125
